0 0 0
0 0 0
0.450000 0.360000 0.240000 0.500000
-0.010000 -0.010000 -0.010000 -0.020000
5 6
0.300000
5
35 35
1
1.00
7
0.000000
3
0
0
0
1

1 1 1
0 0 0
0.000000 1.000000 0.000000 1.000000
-0.010000 -0.010000 -0.010000 -0.020000
5 9
0.450000
10
18 18
2
0.40
2
0.000000
3
0
0
1
0

1 2 1
-1 2 -1
1.000000 1.000000 1.00000 0.900000
0.000000 0.000000 0.000000 0.000000
1 4
-0.099999
5
27 30
1
1.20
8
0.180000
3
0
3
4
0

0 0 0
0 0 0
1.000000 1.000000 1.000000 1.000000
0.000000 0.000000 0.000000 -0.050000
2 3
-0.130000
7
20 21
1
1.00
7
0.000000
0
0
0
3
1

0 0 0
0 0 0
0.050001 1.000000 0.900000 1.000000
0.000000 0.000000 -0.010000 -0.010000
1 4
0.700001
15
93 95
1
0.10
2
0.150000
3
0
0
2
1

0 0 0
0 0 0
0.800000 0.960000 1.000000 0.700000
0.000001 0.000000 0.000000 -0.010000
2 4
0.500000
20
75 75
1
0.00
2
0.200000
3
1
0
1
1

4 4 4
-4 0 -4
1.000000 1.000000 1.000000 1.000000
0.000000 0.000000 0.000000 -0.010000
35 35
2.000000
20
63 63
1
0.95
15
0.000000
3
0
0
5
0

3 0 3
-3 -2 -3
1.000000 1.000000 1.000000 1.000000
0.000000 0.000000 0.000000 -0.010000
6 8
0.599999
7
40 50
2
0.43
6
0.080000
3
0
0
6
1

1 1 1
-1 0 -1
1.000000 1.000000 1.000000 1.000000
0.000000 0.000000 0.000000 -0.010000
15 15
1.020000
10
43 43
1
0.95
15
0.000000
3
0
0
5
0

0 0 0
0 0 0
0.000000 1.000000 0.000000 0.000000
0.000000 0.000000 0.000000 0.000000
0 0
0.000000
0
0 0
1
0.00
1
0.000000
1
0
0
0
0

0 0 0
0 0 0
0.000000 1.000000 0.000000 0.000000
0.000000 0.000000 0.000000 0.000000
0 0
0.000000
0
0 0
1
0.00
1
0.000000
0
0
0
0
0

0 0 0
0 0 0
1.000000 0.000000 1.000000 1.000000
1.000000 0.000000 0.000000 0.000000
0 0
0.000000
0
0 0
1
0.00
0
0.000000
0
1
0
0
0

0 0 0
0 0 0
0.000000 1.000000 0.000000 0.000000
0.000000 0.000000 0.000000 0.000000
0 0
0.000000
0
1 0
1
0.00
1
0.000000
1
0
0
0
0

0 0 0
0 0 0
0.000000 1.000000 0.000000 0.000000
0.000000 0.000000 0.000000 0.000000
0 0
0.000000
0
0 0
1
0.00
1
0.000000
0
0
0
0
0

0 0 0
0 1 0
0.000000 1.000000 1.000000 1.000000
0.000000 0.000000 0.000000 0.000000
0 0
0.000000
0
0 0
1
0.00
1
0.000000
0
0
0
0
0

0 0 0
0 1 0
0.000000 1.000000 1.000000 1.000000
0.000000 0.000000 0.000000 0.000000
0 0
0.000000
0
0 0
1
0.00
1
0.000000
0
0
0
0
0

0 0 0
0 1 0
0.000000 1.000000 1.000000 1.000000
0.000000 0.000000 0.000000 0.000000
0 0
0.000000
0
0 0
1
0.00
1
0.000000
0
0
0
0
0

0 0 0
0 1 0
0.000000 1.000000 1.000000 1.000000
0.000000 0.000000 0.000000 0.000000
0 0
0.000000
0
0 0
1
0.00
1
0.000000
0
0
0
0
0

0 0 0
0 1 0
0.000000 1.000000 1.000000 1.000000
0.000000 0.000000 0.000000 0.000000
0 0
0.000000
0
0 0
1
0.00
1
0.000000
0
0
0
0
0

0 0 0
0 1 0
0.000000 1.000000 1.000000 1.000000
0.000000 0.000000 0.000000 0.000000
0 0
0.000000
0
0 0
1
0.00
1
0.000000
0
0
0
0
0

0 0 0
0 1 0
0.000000 1.000000 1.000000 1.000000
0.000000 0.000000 0.000000 0.000000
0 0
0.000000
0
0 0
1
0.00
1
0.000000
0
0
0
0
0

0 0 0
0 1 0
0.000000 1.000000 1.000000 1.000000
0.000000 0.000000 0.000000 0.000000
0 0
0.000000
0
0 0
1
0.00
1
0.000000
0
0
0
0
0

0 0 0
0 1 0
0.000000 1.000000 1.000000 1.000000
0.000000 0.000000 0.000000 0.000000
0 0
0.000000
0
0 0
1
0.00
1
0.000000
0
0
0
0
0

0 0 0
0 1 0
0.000000 1.000000 1.000000 1.000000
0.000000 0.000000 0.000000 0.000000
0 0
0.000000
0
0 0
1
0.00
1
0.000000
0
0
0
0
0

0 0 0
0 1 0
0.000000 1.000000 1.000000 1.000000
0.000000 0.000000 0.000000 0.000000
0 0
0.000000
0
0 0
1
0.00
1
0.000000
0
0
0
0
0

0 0 0
0 1 0
0.000000 1.000000 1.000000 1.000000
0.000000 0.000000 0.000000 0.000000
0 0
0.000000
0
0 0
1
0.00
1
0.000000
0
0
0
0
0

0 0 0
0 1 0
0.000000 1.000000 1.000000 1.000000
0.000000 0.000000 0.000000 0.000000
0 0
0.000000
0
0 0
1
0.00
1
0.000000
0
0
0
0
0

0 0 0
0 1 0
0.000000 1.000000 1.000000 1.000000
0.000000 0.000000 0.000000 0.000000
0 0
0.000000
0
0 0
1
0.00
1
0.000000
0
0
0
0
0

0 0 0
0 1 0
0.000000 1.000000 1.000000 1.000000
0.000000 0.000000 0.000000 0.000000
0 0
0.000000
0
0 0
1
0.00
1
0.000000
0
0
0
0
0

0 0 0
0 1 0
0.000000 1.000000 1.000000 1.000000
0.000000 0.000000 0.000000 0.000000
0 0
0.000000
0
0 0
1
0.00
1
0.000000
0
0
0
0
0

0 0 0
0 1 0
0.000000 1.000000 1.000000 1.000000
0.000000 0.000000 0.000000 0.000000
0 0
0.000000
0
0 0
1
0.00
1
0.000000
0
0
0
0
0

0 0 0
0 1 0
0.000000 1.000000 1.000000 1.000000
0.000000 0.000000 0.000000 0.000000
0 0
0.000000
0
0 0
1
0.00
1
0.000000
0
0
0
0
0

