16

data/MODEL/PLAYER/P01_bodyU.x
data/MODEL/PLAYER/P00_bodyD.x
data/MODEL/PLAYER/P02_head.x
data/MODEL/PLAYER/P03_armRU.x
data/MODEL/PLAYER/P04_armRD.x
data/MODEL/PLAYER/P05_handR.x
data/MODEL/PLAYER/blade.x
data/MODEL/PLAYER/P06_armLU.x
data/MODEL/PLAYER/P07_armLD.x
data/MODEL/PLAYER/P08_handL.x
data/MODEL/PLAYER/P09_legRU.x
data/MODEL/PLAYER/P10_legLU.x
data/MODEL/PLAYER/P11_footR.x
data/MODEL/PLAYER/P12_legRD.x
data/MODEL/PLAYER/P13_legLD.x
data/MODEL/PLAYER/P14_footL.x

-1
0.0 50.0 0.0
0.0 0.0 0.0

0
0.0 0.0 0.0
0.0 0.0 0.0

0
0.0 25.0 0.0
0.0 0.0 0.0

0
-4.5 22.8 0.0
0.0 0.0 0.0

3
-13.0 4.0 1.0
0.0 0.0 0.0

4
-15.0 0.0 -3.0
0.0 0.0 0.0

5
-5.0 -1.4 -5.0
0.0 0.0 0.0

0
4.5 22.8 1.0
0.0 0.0 0.0

7
11.0 3.4 1.0
0.0 0.0 0.0

8
15.0 0.0 -3.0
0.0 0.0 0.0

1
-1.6 -5.0 -3.0
0.0 0.0 0.0

10
-2.0 -19.0 0.0
0.0 0.0 0.0

11
-2.0 -15.0 2.8
0.0 0.0 0.0

1
1.6 -5.0 -3.0
0.0 0.0 0.0

13
2.0 -19.0 0.0
0.0 0.0 0.0

14
2.0 -15.0 2.8
0.0 0.0 0.0

3

1

2

29

0.00 -2.40 0.00
0.00 0.41 0.00

0.00 0.00 0.00
-0.13 -0.13 0.00

0.00 0.00 0.00
-0.13 -0.38 0.00

0.00 0.00 0.00
0.00 0.66 1.32

0.00 0.00 0.00
0.00 0.09 0.00

0.00 0.00 0.00
0.28 0.44 0.06

0.00 0.00 0.00
-0.03 0.09 0.09

0.00 0.00 0.00
0.00 0.53 -1.32

0.00 0.00 0.00
0.00 0.28 0.00

0.00 0.00 0.00
0.00 0.41 -0.16

0.00 0.00 0.00
0.13 0.66 -0.22

0.00 0.00 0.00
-0.16 0.00 0.00

0.00 0.00 0.00
-0.09 0.22 0.09

0.00 0.00 0.00
0.13 -0.03 0.19

0.00 0.00 0.00
-0.19 0.00 0.00

0.00 0.00 0.00
0.03 0.06 -0.19

30

0.00 -2.40 0.00
0.00 0.41 0.00

0.00 0.00 0.00
-0.13 -0.13 0.00

0.00 0.00 0.00
-0.03 -0.38 -0.03

0.00 0.00 0.00
0.00 0.66 1.32

0.00 0.00 0.00
0.00 0.16 0.00

0.00 0.00 0.00
0.28 0.38 0.06

0.00 0.00 0.00
-0.03 0.09 0.09

0.00 0.00 0.00
0.00 0.53 -1.32

0.00 0.00 0.00
0.00 0.22 0.00

0.00 0.00 0.00
0.00 0.38 -0.16

0.00 0.00 0.00
0.19 0.66 -0.22

0.00 0.00 0.00
-0.25 0.00 0.00

0.00 0.00 0.00
-0.09 0.22 0.09

0.00 0.00 0.00
0.16 -0.03 0.19

0.00 0.00 0.00
-0.25 0.00 0.00

0.00 0.00 0.00
0.06 0.06 -0.22

1

6

6

0.00 -3.10 0.00
-1.23 0.00 0.00

0.00 0.00 0.00
0.54 0.00 0.00

0.00 0.00 0.00
1.20 -0.06 0.00

0.00 0.00 0.00
0.38 0.75 1.38

0.00 0.00 0.00
0.00 0.00 0.00

0.00 0.00 0.00
0.13 0.63 0.00

0.00 0.00 0.00
0.00 0.00 0.00

0.00 0.00 0.00
0.03 1.79 -0.60

0.00 0.00 0.00
0.00 0.88 0.00

0.00 0.00 0.00
0.03 0.22 0.00

0.00 0.00 0.00
-0.22 0.00 0.00

0.00 0.00 0.00
-0.50 0.00 0.00

0.00 0.00 0.00
-0.75 0.00 0.00

0.00 0.00 0.00
1.45 0.00 0.09

0.00 0.00 0.00
-0.25 0.00 0.00

0.00 0.00 0.00
0.19 0.00 0.00

6

0.00 -4.50 0.00
-1.13 0.00 0.00

0.00 0.00 0.00
0.54 0.00 0.00

0.00 0.00 0.00
1.19 -0.06 0.00

0.00 0.00 0.00
0.22 0.69 1.26

0.00 0.00 0.00
0.00 -0.09 0.13

0.00 0.00 0.00
0.13 0.44 0.00

0.00 0.00 0.00
0.00 0.00 0.00

0.00 0.00 0.00
0.03 1.82 -0.82

0.00 0.00 0.00
0.00 0.88 0.00

0.00 0.00 0.00
0.03 0.22 0.00

0.00 0.00 0.00
-0.50 0.00 0.00

0.00 0.00 0.00
-1.41 0.00 0.00

0.00 0.00 0.00
-0.57 0.00 0.00

0.00 0.00 0.00
1.07 0.00 0.06

0.00 0.00 0.00
-0.75 0.00 0.00

0.00 0.00 0.00
0.44 0.09 -0.09

6

0.00 -2.92 0.00
-1.12 0.00 0.00

0.00 0.00 0.00
0.54 0.00 0.00

0.00 0.00 0.00
1.15 -0.06 0.00

0.00 0.00 0.00
0.22 0.67 1.26

0.00 0.00 0.00
0.00 -0.09 0.10

0.00 0.00 0.00
0.13 0.44 0.00

0.00 0.00 0.00
0.00 0.00 0.00

0.00 0.00 0.00
-0.04 1.95 -0.61

0.00 0.00 0.00
0.00 0.88 0.00

0.00 0.00 0.00
0.03 0.22 0.00

0.00 0.00 0.00
0.73 0.00 0.00

0.00 0.00 0.00
-1.49 0.00 0.00

0.00 0.00 0.00
-0.57 0.00 0.00

0.00 0.00 0.00
0.31 0.00 0.06

0.00 0.00 0.00
-0.88 0.00 0.00

0.00 0.00 0.00
0.44 0.09 -0.09

6

0.00 -1.00 0.00
-1.19 0.00 0.00

0.00 0.00 0.00
0.54 0.00 0.00

0.00 0.00 0.00
1.03 -0.06 0.00

0.00 0.00 0.00
0.22 0.63 1.29

0.00 0.00 0.00
0.00 0.00 0.00

0.00 0.00 0.00
0.13 0.44 0.00

0.00 0.00 0.00
0.00 0.00 0.00

0.00 0.00 0.00
0.03 1.63 -0.82

0.00 0.00 0.00
0.00 1.01 -0.06

0.00 0.00 0.00
0.03 0.22 0.00

0.00 0.00 0.00
1.60 0.00 0.00

0.00 0.00 0.00
-0.28 0.00 0.00

0.00 0.00 0.00
0.28 0.00 0.00

0.00 0.00 0.00
-0.28 -0.09 0.09

0.00 0.00 0.00
-0.94 0.00 0.00

0.00 0.00 0.00
-0.60 0.09 -0.09

6

0.00 -6.30 0.00
-1.22 0.00 0.00

0.00 0.00 0.00
0.54 0.00 0.00

0.00 0.00 0.00
1.16 -0.06 0.00

0.00 0.00 0.00
0.22 0.69 1.26

0.00 0.00 0.00
0.00 0.00 0.00

0.00 0.00 0.00
0.13 0.44 0.00

0.00 0.00 0.00
0.00 0.00 0.00

0.00 0.00 0.00
0.19 1.88 -0.79

0.00 0.00 0.00
0.00 0.88 0.00

0.00 0.00 0.00
0.03 0.22 0.00

0.00 0.00 0.00
1.29 0.00 0.00

0.00 0.00 0.00
-1.07 0.00 0.00

0.00 0.00 0.00
0.44 0.09 -0.09

0.00 0.00 0.00
-0.44 -0.09 0.09

0.00 0.00 0.00
-1.32 0.00 0.00

0.00 0.00 0.00
-0.50 0.09 -0.09

6

0.00 -3.90 0.00
-1.22 0.00 0.00

0.00 0.00 0.00
0.54 0.00 0.00

0.00 0.00 0.00
1.17 -0.06 0.00

0.00 0.00 0.00
0.28 0.79 1.38

0.00 0.00 0.00
0.00 0.00 0.00

0.00 0.00 0.00
0.13 0.44 0.00

0.00 0.00 0.00
0.00 0.00 0.00

0.00 0.00 0.00
0.03 1.63 -0.82

0.00 0.00 0.00
0.00 0.88 0.00

0.00 0.00 0.00
0.03 0.22 0.00

0.00 0.00 0.00
0.25 0.00 0.00

0.00 0.00 0.00
-1.07 0.00 0.00

0.00 0.00 0.00
0.06 0.09 0.00

0.00 0.00 0.00
1.10 -0.09 0.09

0.00 0.00 0.00
-1.35 0.00 0.00

0.00 0.00 0.00
0.19 0.09 -0.09

0

5

12

0.00 -11.50 0.00
-0.25 0.00 0.00

0.00 0.00 0.00
0.03 -0.22 0.00

0.00 0.00 0.00
0.00 0.00 0.00

0.00 0.00 0.00
0.06 -1.70 0.57

0.00 0.00 0.00
0.00 -0.88 0.16

0.00 0.00 0.00
0.00 -0.38 0.00

0.00 0.00 0.00
0.00 0.00 0.00

0.00 0.00 0.00
0.22 -0.85 -0.85

0.00 0.00 0.00
0.00 0.66 0.00

0.00 0.00 0.00
0.00 0.00 0.00

0.00 0.00 0.00
0.28 0.25 -0.53

0.00 0.00 0.00
-0.66 0.00 0.00

0.00 0.00 0.00
0.28 0.35 0.60

0.00 0.00 0.00
1.04 0.00 0.50

0.00 0.00 0.00
-0.91 0.00 0.00

0.00 0.00 0.00
-0.13 0.00 -0.31
			
9

0.00 -14.40 0.00
-0.50 0.00 0.00

0.00 0.00 0.00
0.41 -0.38 -0.16

0.00 0.00 0.00
0.00 0.19 0.00

0.00 0.00 0.00
0.00 -1.88 0.00

0.00 0.00 0.00
0.00 -1.01 0.16

0.00 0.00 0.00
0.00 -0.79 0.00

0.00 0.00 0.00
0.00 0.00 0.00

0.00 0.00 0.00
0.22 -1.13 -0.85

0.00 0.00 0.00
0.00 0.69 0.00

0.00 0.00 0.00
0.00 0.00 0.00

0.00 0.00 0.00
0.53 0.25 -0.57

0.00 0.00 0.00
-1.45 0.00 0.00

0.00 0.00 0.00
0.50 0.35 0.60

0.00 0.00 0.00
0.53 0.53 0.79

0.00 0.00 0.00
-1.13 -0.03 0.00

0.00 0.00 0.00
0.19 0.00 -0.66

6

0.00 -11.00 0.00
-0.60 0.50 0.00

0.00 0.00 0.00
0.19 0.57 0.28

0.00 0.00 0.00
0.00 -0.35 -0.06

0.00 0.00 0.00
0.00 -1.51 0.00

0.00 0.00 0.00
0.00 -0.35 0.16

0.00 0.00 0.00
-0.47 -0.44 0.00

0.00 0.00 0.00
0.00 0.22 0.00

0.00 0.00 0.00
0.22 1.10 -0.38

0.00 0.00 0.00
0.00 0.41 0.00

0.00 0.00 0.00
3.05 0.00 -0.28

0.00 0.00 0.00
0.82 0.25 -0.63

0.00 0.00 0.00
-1.01 0.00 0.00

0.00 0.00 0.00
-0.00 0.13 0.41

0.00 0.00 0.00
0.53 -0.03 0.66

0.00 0.00 0.00
-1.01 -0.03 0.00

0.00 0.00 0.00
0.25 0.00 -0.66

8

0.00 -11.00 0.00
-0.47 0.97 0.00

0.00 0.00 0.00
0.63 0.66 0.34

0.00 0.00 0.00
-0.22 -0.44 -0.13

0.00 0.00 0.00
0.00 -1.01 -0.38

0.00 0.00 0.00
0.00 -0.82 0.28

0.00 0.00 0.00
-0.03 0.13 0.00

0.00 0.00 0.00
0.00 0.22 0.00

0.00 0.00 0.00
0.22 1.51 0.00

0.00 0.00 0.00
0.00 0.28 0.00

0.00 0.00 0.00
-2.86 0.38 -0.09

0.00 0.00 0.00
0.44 0.25 -0.63

0.00 0.00 0.00
-0.75 0.00 0.00

0.00 0.00 0.00
-0.00 0.13 0.31

0.00 0.00 0.00
0.53 -0.47 0.66

0.00 0.00 0.00
-1.01 -0.03 0.00

0.00 0.00 0.00
0.03 0.00 -0.35

6

0.00 -11.00 0.00
-0.53 0.97 0.00

0.00 0.00 0.00
0.60 0.07 -0.00

0.00 0.00 0.00
0.09 -0.12 -0.06

0.00 0.00 0.00
0.00 -0.72 -0.28

0.00 0.00 0.00
0.00 0.50 0.16

0.00 0.00 0.00
-0.03 0.72 0.00

0.00 0.00 0.00
0.00 0.22 0.00

0.00 0.00 0.00
0.22 1.67 0.00

0.00 0.00 0.00
0.00 1.07 0.00

0.00 0.00 0.00
0.00 0.60 0.00

0.00 0.00 0.00
0.44 0.94 -0.63

0.00 0.00 0.00
-0.75 0.00 0.00

0.00 0.00 0.00
-0.00 0.13 0.31

0.00 0.00 0.00
0.53 0.85 0.66

0.00 0.00 0.00
-0.75 0.00 0.00
			
0.00 0.00 0.00
0.00 0.00 -0.69