15

data/MODEL/ALIEN/E01_bodyU.x
data/MODEL/ALIEN/E00_bodyD.x
data/MODEL/ALIEN/E02_head.x
data/MODEL/ALIEN/E03_armRU.x
data/MODEL/ALIEN/E04_armRD.x
data/MODEL/ALIEN/E05_handR.x
data/MODEL/ALIEN/E06_armLU.x
data/MODEL/ALIEN/E07_armLD.x
data/MODEL/ALIEN/E08_handL.x
data/MODEL/ALIEN/E09_legRU.x
data/MODEL/ALIEN/E10_legRD.x
data/MODEL/ALIEN/E11_footR.x
data/MODEL/ALIEN/E12_legLU.x
data/MODEL/ALIEN/E13_legLD.x
data/MODEL/ALIEN/E14_footL.x

-1
0.0 23.0 0.0
0.0 0.0 0.0

0
0.0 -1.0 0.0
0.0 0.0 0.0

1
-0.5 26.7 -15.0
0.0 0.0 0.0
		
1
-4.5 19.2 -12.0
0.0 0.0 0.0

3
-11.0 5.0 8.0
0.0 0.0 0.0
		
4
-18.0 2.0 -8.5
0.0 0.0 0.0

1
5.0 20.2 -12.0
0.0 0.0 0.0

6
11.0 5.0 8.0
0.0 0.0 0.0

7
18.0 2.0 -8.5
0.0 0.0 0.0

0
-4.0 -9.0 0.0
0.0 0.0 0.0

9
-1.6 -21.0 -5.0
0.0 0.0 0.0

10
-0.5 -14.0 11.0
0.0 0.0 0.0

0
4.0 -9.0 0.0
0.0 0.0 0.0
		
12
1.6 -21.0 -5.0
0.0 0.0 0.0

13
0.5 -14.0 11.0
0.0 0.0 0.0

3

1

2

31

0.00 -0.30 0.00
-0.03 0.00 0.00

0.00 0.00 0.00
-0.34 -0.06 0.00

0.00 0.00 0.00
0.25 -0.13 -0.06

0.00 0.00 0.00
0.10 0.19 1.24

0.00 0.00 0.00
-0.03 0.15 0.00

0.00 0.00 0.00
-0.50 -0.64 0.22

0.00 0.00 0.00
0.19 -0.41 -1.39

0.00 0.00 0.00
-0.88 -0.08 0.35

0.00 0.00 0.00
0.47 0.51 -0.03

0.00 0.00 0.00
0.12 0.06 -0.15

0.00 0.00 0.00
-0.23 0.03 -0.13

0.00 0.00 0.00
0.41 0.00 0.38

0.00 0.00 0.00
0.12 -0.22 0.22

0.00 0.00 0.00
-0.19 0.00 0.00

0.00 0.00 0.00
0.41 0.00 -0.35

30

0.00 -11.00 0.00
-0.38 0.00 0.00

0.00 0.00 0.00
-0.32 -0.06 0.00

0.00 0.00 0.00
0.44 -0.13 -0.06

0.00 0.00 0.00
-0.09 -0.16 1.24

0.00 0.00 0.00
0.41 -0.39 0.00
			
0.00 0.00 0.00
-0.50 -0.64 0.22

0.00 0.00 0.00
-0.00 -0.00 -1.39

0.00 0.00 0.00
-0.41 0.17 0.35

0.00 0.00 0.00
0.47 0.51 -0.03
			
0.00 0.00 0.00
0.88 0.06 -0.28

0.00 0.00 0.00
-1.05 -0.03 0.09

0.00 0.00 0.00
0.80 -0.25 0.10

0.00 0.00 0.00
0.82 -0.16 0.31

0.00 0.00 0.00
-0.92 -0.06 -0.13

0.00 0.00 0.00
0.83 0.03 -0.26

1

6

6

0.00 3.50 0.00
-1.10 0.00 0.00

0.00 0.00 0.00
0.41 0.00 0.00

0.00 0.00 0.00
0.38 0.00 0.00

0.00 0.00 0.00
0.06 0.03 1.04

0.00 0.00 0.00
-0.06 0.47 0.00

0.00 0.00 0.00
0.00 0.00 0.00

0.00 0.00 0.00
-0.00 -0.06 -1.19

0.00 0.00 0.00
-0.31 -0.41 0.00

0.00 0.00 0.00
0.00 0.00 0.00

0.00 0.00 0.00
-0.41 0.00 0.00

0.00 0.00 0.00
0.19 0.00 0.00

0.00 0.00 0.00
-0.97 0.00 0.00

0.00 0.00 0.00
1.10 0.00 0.00

0.00 0.00 0.00
0.25 0.00 0.00

0.00 0.00 0.00
0.16 0.00 0.00

6

0.00 -5.70 0.00
-1.07 0.00 0.00

0.00 0.00 0.00
0.41 0.00 0.00

0.00 0.00 0.00
0.50 0.00 0.00

0.00 0.00 0.00
-0.31 -0.06 1.13

0.00 0.00 0.00
-0.06 0.50 0.00

0.00 0.00 0.00
-0.03 0.16 0.00

0.00 0.00 0.00
-0.44 0.13 -1.29

0.00 0.00 0.00
0.16 -0.50 -0.06

0.00 0.00 0.00
0.00 -0.13 -0.19

0.00 0.00 0.00
-0.28 0.00 0.00

0.00 0.00 0.00
-0.03 0.00 0.00

0.00 0.00 0.00
-0.38 0.00 0.00

0.00 0.00 0.00
0.94 0.00 0.00

0.00 0.00 0.00
-0.57 0.00 0.00

0.00 0.00 0.00
0.53 0.00 0.00

6

0.00 -3.17 0.00
-0.66 0.00 0.00

0.00 0.00 0.00
0.35 0.00 0.00

0.00 0.00 0.00
0.35 0.00 0.00

0.00 0.00 0.00
0.06 0.03 1.29

0.00 0.00 0.00
-0.06 0.72 0.00

0.00 0.00 0.00
0.00 -0.28 0.31

0.00 0.00 0.00
0.00 -0.19 -1.19

0.00 0.00 0.00
-0.03 -0.63 0.00

0.00 0.00 0.00
0.00 0.00 0.00

0.00 0.00 0.00
0.73 0.00 0.00

0.00 0.00 0.00
-0.92 0.00 0.00

0.00 0.00 0.00
-0.39 0.00 0.00

0.00 0.00 0.00
0.15 0.00 0.00

0.00 0.00 0.00
-0.58 0.00 0.00

0.00 0.00 0.00
-0.12 0.00 0.00

6

0.00 2.10 0.00
-1.04 0.00 0.00

0.00 0.00 0.00
0.35 0.00 0.00

0.00 0.00 0.00
0.44 0.00 0.00

0.00 0.00 0.00
0.03 0.13 1.13

0.00 0.00 0.00
-0.00 0.50 0.00

0.00 0.00 0.00
0.00 0.00 0.00

0.00 0.00 0.00
0.16 -0.31 -1.19

0.00 0.00 0.00
0.00 -0.63 0.00

0.00 0.00 0.00
0.00 0.00 0.00

0.00 0.00 0.00
1.13 0.00 0.00

0.00 0.00 0.00
0.06 0.00 0.00

0.00 0.00 0.00
0.09 0.00 0.00

0.00 0.00 0.00
-0.60 0.00 0.00

0.00 0.00 0.00
0.22 0.00 0.00

0.00 0.00 0.00
-0.16 0.00 0.00

6

0.00 -6.90 0.00
-1.07 0.00 0.00

0.00 0.00 0.00
0.44 0.00 0.00

0.00 0.00 0.00
0.38 0.00 0.00

0.00 0.00 0.00
-0.25 0.22 1.13

0.00 0.00 0.00
-0.06 0.47 0.00

0.00 0.00 0.00
0.00 0.28 0.06

0.00 0.00 0.00
-0.25 -0.28 -1.19

0.00 0.00 0.00
0.00 -0.66 0.00

0.00 0.00 0.00
0.03 -0.19 0.00

0.00 0.00 0.00
1.10 0.00 0.00

0.00 0.00 0.00
-0.57 0.00 0.00

0.00 0.00 0.00
0.35 0.00 0.00

0.00 0.00 0.00
-0.60 0.00 0.00

0.00 0.00 0.00
-0.53 0.00 0.00

0.00 0.00 0.00
-0.31 0.00 0.00

6

0.00 1.22 0.00
-0.90 0.00 0.00

0.00 0.00 0.00
0.35 0.00 0.00

0.00 0.00 0.00
0.40 0.00 0.00

0.00 0.00 0.00
0.04 0.11 1.16

0.00 0.00 0.00
-0.01 0.54 0.00

0.00 0.00 0.00
0.00 -0.05 0.05

0.00 0.00 0.00
0.13 -0.29 -1.19

0.00 0.00 0.00
-0.01 -0.63 0.00

0.00 0.00 0.00
0.03 0.00 0.00

0.00 0.00 0.00
0.25 0.00 0.00

0.00 0.00 0.00
-0.29 0.00 0.00

0.00 0.00 0.00
-0.24 0.00 0.00

0.00 0.00 0.00
0.47 0.00 0.00

0.00 0.00 0.00
-0.54 0.00 0.00

0.00 0.00 0.00
-0.59 0.00 0.00

0

6

10

0.00 -0.70 0.00
-0.22 0.00 -0.03

0.00 0.00 0.00
-0.10 -0.06 0.03

0.00 0.00 0.00
-0.53 -0.16 0.00

0.00 0.00 0.00
0.13 -0.09 1.48

0.00 0.00 0.00
0.25 0.19 0.00

0.00 0.00 0.00
-0.12 -0.03 0.22

0.00 0.00 0.00
0.12 0.06 -1.54

0.00 0.00 0.00
-0.41 -0.47 0.44

0.00 0.00 0.00
0.47 -0.47 -0.72

0.00 0.00 0.00
0.53 0.12 -0.12

0.00 0.00 0.00
-0.44 0.03 -0.13

0.00 0.00 0.00
0.38 0.00 0.38

0.00 0.00 0.00
0.47 -0.22 0.15

0.00 0.00 0.00
-0.37 0.00 0.00

0.00 0.00 0.00
0.38 0.00 -0.35

10

0.00 -1.00 0.00
-0.35 -0.53 -0.03

0.00 0.00 0.00
-0.10 -0.44 0.03

0.00 0.00 0.00
-0.53 -0.16 0.00

0.00 0.00 0.00
0.16 -0.22 0.98

0.00 0.00 0.00
0.25 -0.22 0.00

0.00 0.00 0.00
-0.12 -0.35 0.22

0.00 0.00 0.00
0.03 -0.44 0.29

0.00 0.00 0.00
-0.41 0.06 0.70

0.00 0.00 0.00
0.82 -0.47 -1.32

0.00 0.00 0.00
0.66 0.47 0.04

0.00 0.00 0.00
-0.35 0.03 -0.13

0.00 0.00 0.00
0.28 0.00 0.41

0.00 0.00 0.00
0.06 -0.72 0.37

0.00 0.00 0.00
0.03 0.06 0.00

0.00 0.00 0.00
0.34 0.06 -0.51
			
6

0.00 -2.50 0.00
-0.23 -0.38 0.00

0.00 0.00 0.00
-0.10 -0.44 0.03
			
0.00 0.00 0.00
-0.34 -0.03 0.00

0.00 0.00 0.00
0.16 -0.22 0.98

0.00 0.00 0.00
0.25 -0.22 0.00

0.00 0.00 0.00
-0.12 -0.35 0.22

0.00 0.00 0.00
0.03 -0.79 0.29

0.00 0.00 0.00
-0.41 -0.22 0.70

0.00 0.00 0.00
0.82 -0.44 -0.88

0.00 0.00 0.00
0.59 0.47 0.00

0.00 0.00 0.00
-0.29 0.03 -0.13

0.00 0.00 0.00
0.28 0.00 0.41

0.00 0.00 0.00
0.06 -0.72 0.37

0.00 0.00 0.00
0.03 0.06 0.00

0.00 0.00 0.00
0.34 0.06 -0.51

8

0.00 -6.00 0.00
-0.25 0.91 -0.03

0.00 0.00 0.00
-0.16 -0.41 0.03

0.00 0.00 0.00
-0.53 0.22 0.22

0.00 0.00 0.00
0.16 -0.22 0.98

0.00 0.00 0.00
0.25 -0.22 0.00

0.00 0.00 0.00
-0.12 -0.35 0.22

0.00 0.00 0.00
0.66 1.76 -0.15

0.00 0.00 0.00
-0.10 -1.07 0.13

0.00 0.00 0.00
-0.13 0.63 -0.63

0.00 0.00 0.00
1.03 0.78 0.00

0.00 0.00 0.00
-0.07 0.03 -0.13

0.00 0.00 0.00
-0.72 0.00 0.25

0.00 0.00 0.00
0.38 -0.03 0.66

0.00 0.00 0.00
0.07 0.09 0.00

0.00 0.00 0.00
0.03 -0.09 -0.41

12

0.00 -8.30 0.00
-0.19 0.88 0.06

0.00 0.00 0.00
0.16 0.44 0.16

0.00 0.00 0.00
-0.53 0.22 0.22

0.00 0.00 0.00
0.16 -0.22 0.98

0.00 0.00 0.00
0.25 -0.22 0.00

0.00 0.00 0.00
-0.12 -0.35 0.22

0.00 0.00 0.00
0.94 1.38 -1.10

0.00 0.00 0.00
-0.10 -0.57 -0.62

0.00 0.00 0.00
-0.13 0.66 -1.10

0.00 0.00 0.00
0.69 0.60 -0.44

0.00 0.00 0.00
-0.79 0.03 -0.13

0.00 0.00 0.00
0.35 0.00 0.54

0.00 0.00 0.00
0.69 -0.31 0.28

0.00 0.00 0.00
-0.63 0.03 0.00

0.00 0.00 0.00
0.34 -0.09 -0.41

11

0.00 -6.80 0.00
-0.19 1.26 0.10

0.00 0.00 0.00
0.16 0.44 0.16

0.00 0.00 0.00
-0.75 0.63 0.13

0.00 0.00 0.00
-0.22 -0.06 1.01

0.00 0.00 0.00
0.25 -0.22 0.00

0.00 0.00 0.00
-0.12 -0.35 0.22

0.00 0.00 0.00
0.94 1.38 -1.41

0.00 0.00 0.00
-0.10 -0.57 -0.97

0.00 0.00 0.00
-0.13 0.44 -0.72

0.00 0.00 0.00
0.34 0.28 -0.53

0.00 0.00 0.00
-0.51 0.03 -0.19

0.00 0.00 0.00
0.41 0.00 0.73

0.00 0.00 0.00
0.69 -0.31 0.09

0.00 0.00 0.00
-0.63 0.03 0.03

0.00 0.00 0.00
0.34 -0.09 -0.29

0

2

18
 0.00 -5.50 0.00
-0.13 0.00 -0.03

0.00 0.00 0.00
-0.10 -0.06 0.03

0.00 0.00 0.00
-0.53 -0.16 0.00

0.00 0.00 0.00
0.13 -0.09 1.48

0.00 0.00 0.00
0.25 0.19 0.00

0.00 0.00 0.00
-0.12 -0.03 0.22

 0.00 0.00 0.00
0.12 0.06 -1.54

0.00 0.00 0.00
-0.41 -0.47 0.44

0.00 0.00 0.00
0.47 -0.47 -0.72

0.00 0.00 0.00
0.53 0.12 -0.12

0.00 0.00 0.00
-0.44 0.03 -0.13

0.00 0.00 0.00
0.38 0.00 0.38

0.00 0.00 0.00
0.47 -0.22 0.15

0.00 0.00 0.00
-0.37 0.00 0.00

 0.00 0.00 0.00
0.38 0.00 -0.35

22

0.00 0.00 0.00
-0.66 0.00 0.00

0.00 0.00 0.00
0.72 0.00 0.00

0.00 0.00 0.00
-0.94 0.00 0.00

0.00 0.00 0.00
1.85 0.28 0.88

 0.00 0.00 0.00
0.00 0.57 0.66

0.00 0.00 0.00
0.00 -0.19 0.60

0.00 0.00 0.00
1.54 -2.80 2.83

0.00 0.00 0.00
-0.22 0.03 -0.72

0.00 0.00 0.00
0.00 0.09 -0.60

0.00 0.00 0.00
0.38 0.03 -0.44

0.00 0.00 0.00
0.28 0.03 -0.19

0.00 0.00 0.00
0.03 0.00 0.00

0.00 0.00 0.00
0.79 0.00 0.57

0.00 0.00 0.00
0.35 0.00 0.00

0.00 0.00 0.00
-0.28 0.00 0.00
