22

data/MODEL/Dragon/D00_bodyD.x
data/MODEL/Dragon/D01_bodyM.x
data/MODEL/Dragon/D02_bodyU.x
data/MODEL/Dragon/D03_neck.x
data/MODEL/Dragon/D04_head.x
data/MODEL/Dragon/D05_tailD.x
data/MODEL/Dragon/D06_tailM.x
data/MODEL/Dragon/D07_tailU.x
data/MODEL/Dragon/D08_armRU.x
data/MODEL/Dragon/D09_armRD.x
data/MODEL/Dragon/D10_hand.x
data/MODEL/Dragon/D11_armLU.x
data/MODEL/Dragon/D12_armLD.x
data/MODEL/Dragon/D13_handL.x
data/MODEL/Dragon/D14_legRU.x
data/MODEL/Dragon/D15_legRD.x
data/MODEL/Dragon/D16_footR.x
data/MODEL/Dragon/D17_legLU.x
data/MODEL/Dragon/D18_legLD.x
data/MODEL/Dragon/D19_footL.x
data/MODEL/Dragon/D20_wingL.x
data/MODEL/Dragon/D20_wingR.x

-1
0.0 70.0 0.0
0.0 0.0 0.0

0
-5.0 0.0 0.0
0.0 0.0 0.0

1
-18.0 2.0 0.0
0.0 0.0 0.0

2
-8.0 10.0 0.0
0.0 0.0 0.0

3
1.0 12.0 -0.7
0.0 0.0 0.0

0
14.0 -2.0 0.0
0.0 0.0 0.0

5
25.0 -10.0 0.0
0.0 0.0 0.0

6
17.0 -9.0 -2.0
0.0 0.0 0.0

2
0.0 0.0 -8.0
0.0 0.0 0.0

8
-5.0 -10.0 -3.0
0.0 0.0 0.0

9
-6.0 -2.9 -1.5
0.0 0.0 0.0

2
0.0 0.0 8.0
0.0 0.0 0.0

11
-5.0 -10.0 3.0
0.0 0.0 0.0

12
-6.0 -2.9 1.5
0.0 0.0 0.0

1
5.0 0.0 10.0
0.0 0.0 0.0

14
-11.0 -14.0 0.0
0.0 0.0 0.0

15
14.0 -16.0 0.0
0.0 0.0 0.0

1
6.5 0.0 -10.0
0.0 0.0 0.0

17
-13.5 -13.0 0.0
0.0 0.0 0.0

18
14.0 -16.0 0.0
0.0 0.0 0.0

2
8.0 10.0 2.0
0.0 0.0 0.0

2
8.0 10.0 -2.0
0.0 0.0 0.0

2

1

6

10

0.00 16.20 0.00
0.00 -1.54 -0.44

0.00 0.00 0.00
0.00 0.00 -0.41

0.00 0.00 0.00
0.00 0.00 0.85

0.00 0.00 0.00
0.00 0.00 -0.03

0.00 0.00 0.00
0.00 0.00 0.00

0.00 0.00 0.00
0.00 0.00 -0.60

0.00 0.00 0.00
0.00 0.00 -0.47

0.00 0.00 0.00
0.00 0.00 -0.60

0.00 0.00 0.00
0.00 0.00 -0.50

0.00 0.00 0.00
0.00 0.00 0.82

0.00 0.00 0.00
0.00 0.00 -0.41

0.00 0.00 0.00
0.00 0.00 0.00

0.00 0.00 0.00
0.00 0.00 0.28

0.00 0.00 0.00
0.00 0.00 -0.53

0.00 0.00 0.00
0.00 0.00 1.10

0.00 0.00 0.00
0.00 0.00 -0.44

0.00 0.00 0.00
0.00 0.00 0.63

0.00 0.00 0.00
0.00 0.00 1.04

0.00 0.00 0.00
0.00 0.00 -0.57

0.00 0.00 0.00
0.00 0.00 1.04

0.00 0.00 0.00
-0.00 -1.67 -0.47

0.00 0.00 0.00
0.00 1.63 -0.44

9

0.00 9.40 0.00
0.00 -1.54 -0.44

0.00 0.00 0.00
0.00 0.00 -0.31

0.00 0.00 0.00
0.00 0.00 0.72

0.00 0.00 0.00
0.00 0.00 -0.09

0.00 0.00 0.00
0.00 0.00 0.06

0.00 0.00 0.00
0.00 0.00 -0.38

0.00 0.00 0.00
0.00 0.00 0.25

0.00 0.00 0.00
0.00 0.00 -0.25

0.00 0.00 0.00
0.00 0.00 -0.50

0.00 0.00 0.00
0.00 0.00 0.82

0.00 0.00 0.00
0.00 0.00 -0.41

0.00 0.00 0.00
0.00 0.00 0.00

0.00 0.00 0.00
0.00 0.00 0.28

0.00 0.00 0.00
0.00 0.00 -0.53

0.00 0.00 0.00
0.00 0.00 0.85

0.00 0.00 0.00
0.00 0.00 -0.44

0.00 0.00 0.00
0.00 0.00 0.79

0.00 0.00 0.00
0.00 0.00 0.91

0.00 0.00 0.00
0.00 0.00 -0.57

0.00 0.00 0.00
0.00 0.00 1.04

0.00 0.00 0.00
0.28 -1.10 -0.60

0.00 0.00 0.00
-0.35 1.07 -0.47

9

0.00 5.20 0.00
0.00 -1.54 -0.50

0.00 0.00 0.00
0.00 0.00 -0.19

0.00 0.00 0.00
0.00 0.00 0.66

0.00 0.00 0.00
0.00 0.00 -0.06

0.00 0.00 0.00
0.00 0.00 0.00

0.00 0.00 0.00
0.00 0.00 -0.25

0.00 0.00 0.00
0.00 0.00 0.38

0.00 0.00 0.00
0.00 0.00 -0.09

0.00 0.00 0.00
0.00 0.00 -0.50

0.00 0.00 0.00
0.00 0.00 0.82

0.00 0.00 0.00
0.00 0.00 -0.41

0.00 0.00 0.00
0.00 0.00 0.00

0.00 0.00 0.00
0.00 0.00 0.28

0.00 0.00 0.00
0.00 0.00 -0.53

0.00 0.00 0.00
-0.16 0.03 0.72

0.00 0.00 0.00
0.00 0.00 -0.44

0.00 0.00 0.00
0.00 0.00 0.75

0.00 0.00 0.00
0.00 0.00 0.66

0.00 0.00 0.00
0.00 0.00 -0.57

0.00 0.00 0.00
0.00 0.00 1.07

0.00 0.00 0.00
-0.16 -0.97 -0.13

0.00 0.00 0.00
0.16 0.69 -0.13

10

0.00 0.50 0.00
0.00 -1.54 -0.44

0.00 0.00 0.00
0.00 0.00 -0.41
			
0.00 0.00 0.00
0.00 0.00 1.04

0.00 0.00 0.00
0.00 0.00 -0.31

0.00 0.00 0.00
0.00 0.00 0.00

0.00 0.00 0.00
0.00 0.00 -0.03

0.00 0.00 0.00
0.00 0.00 0.63

0.00 0.00 0.00
0.00 0.00 0.41

0.00 0.00 0.00
0.00 0.00 -0.50

0.00 0.00 0.00
0.00 0.00 0.82

0.00 0.00 0.00
0.00 0.00 -0.41

0.00 0.00 0.00
0.00 0.00 0.00

0.00 0.00 0.00
0.00 0.00 0.28

0.00 0.00 0.00
0.00 0.00 -0.53

0.00 0.00 0.00
-0.16 0.03 1.01

0.00 0.00 0.00
0.00 0.00 -0.44

0.00 0.00 0.00
0.00 0.00 0.75

0.00 0.00 0.00
0.00 0.00 1.01

0.00 0.00 0.00
0.00 0.00 -0.57

0.00 0.00 0.00
0.00 0.00 1.07

0.00 0.00 0.00
0.03 -0.06 -0.13

0.00 0.00 0.00
-0.13 -0.00 -0.13

10

0.00 3.70 0.00
0.00 -1.54 -0.44

0.00 0.00 0.00
0.00 0.00 -0.63

0.00 0.00 0.00
0.00 0.00 1.10

0.00 0.00 0.00
0.00 0.00 -0.09

0.00 0.00 0.00
0.00 0.00 0.00

0.00 0.00 0.00
0.00 0.00 -0.09

0.00 0.00 0.00
0.00 0.00 0.47

0.00 0.00 0.00
0.00 0.00 0.16
			
0.00 0.00 0.00
0.00 0.00 -0.50

0.00 0.00 0.00
0.00 0.00 0.82

0.00 0.00 0.00
0.00 0.00 -0.41

0.00 0.00 0.00
0.00 0.00 0.00

0.00 0.00 0.00
0.00 0.00 0.28

0.00 0.00 0.00
0.00 0.00 -0.53

0.00 0.00 0.00
-0.16 0.03 1.19

0.00 0.00 0.00
0.00 0.00 -0.44

0.00 0.00 0.00
0.00 0.00 0.75

0.00 0.00 0.00
0.00 0.00 1.19

0.00 0.00 0.00
0.00 0.00 -0.57

0.00 0.00 0.00
0.00 0.00 1.07

0.00 0.00 0.00
0.13 -0.66 -0.13

0.00 0.00 0.00
-0.13 0.47 -0.13

7

0.00 13.10 0.00
0.00 -1.54 -0.44

0.00 0.00 0.00
0.00 0.00 -0.63

0.00 0.00 0.00
0.00 0.00 1.01

0.00 0.00 0.00
0.00 0.00 0.03

0.00 0.00 0.00
0.00 0.00 0.00

0.00 0.00 0.00
0.00 0.00 -0.47

0.00 0.00 0.00
0.00 0.00 -0.35

0.00 0.00 0.00
0.00 0.00 -0.44

0.00 0.00 0.00
0.00 0.00 -0.50

0.00 0.00 0.00
0.00 0.00 0.82

0.00 0.00 0.00
0.00 0.00 -0.41

0.00 0.00 0.00
0.00 0.00 0.00

0.00 0.00 0.00
0.00 0.00 0.28

0.00 0.00 0.00
0.00 0.00 -0.53

0.00 0.00 0.00
0.00 0.00 1.19

0.00 0.00 0.00
0.00 0.00 -0.44

0.00 0.00 0.00
0.00 0.00 0.63

0.00 0.00 0.00
0.00 0.00 1.13

0.00 0.00 0.00
0.00 0.00 -0.57

0.00 0.00 0.00
0.00 0.00 1.04

0.00 0.00 0.00
0.28 -1.98 -0.13

0.00 0.00 0.00
-0.25 1.67 -0.16

1

6

6

0.00 -0.00 0.00
0.00 -1.54 0.16

0.00 0.00 0.00
0.00 0.00 0.00

0.00 0.00 0.00
0.00 0.00 0.47

0.00 0.00 0.00
0.00 0.00 -0.44

0.00 0.00 0.00
-0.00 0.00 -0.13

0.00 0.00 0.00
0.00 0.00 0.13

0.00 0.00 0.00
0.00 0.00 0.19

0.00 0.00 0.00
0.00 0.00 0.22

0.00 0.00 0.00
0.00 0.00 -0.63

0.00 0.00 0.00
0.00 0.00 -0.53

0.00 0.00 0.00
0.00 0.00 0.91

0.00 0.00 0.00
0.00 0.00 -0.75

0.00 0.00 0.00
0.00 0.00 0.00

0.00 0.00 0.00
0.00 0.00 0.63

0.00 0.00 0.00
0.00 0.00 1.38

0.00 0.00 0.00
0.00 0.00 -1.04

0.00 0.00 0.00
0.00 0.00 1.13

0.00 0.00 0.00
0.00 0.00 1.19

0.00 0.00 0.00
0.00 0.00 -0.50

0.00 0.00 0.00
0.00 0.00 0.72

0.00 0.00 0.00
0.09 -0.13 0.00

0.00 0.00 0.00
-0.25 0.06 0.00

6

0.00 4.00 0.00
0.00 -1.54 0.00

0.00 0.00 0.00
0.00 0.00 0.22

0.00 0.00 0.00
0.00 0.00 0.38

0.00 0.00 0.00
0.00 0.00 -0.44

0.00 0.00 0.00
0.00 0.00 -0.09

0.00 0.00 0.00
0.00 0.00 0.00

0.00 0.00 0.00
0.00 0.00 -0.28

0.00 0.00 0.00
0.00 0.00 0.50

0.00 0.00 0.00
0.00 0.00 -0.63

0.00 0.00 0.00
0.00 0.00 -0.53

0.00 0.00 0.00
0.00 0.00 0.91

0.00 0.00 0.00
0.00 0.00 -0.75

0.00 0.00 0.00
0.00 0.00 0.00

0.00 0.00 0.00
0.00 0.00 0.63

0.00 0.00 0.00
0.00 0.00 1.38

0.00 0.00 0.00
0.00 0.00 -1.04

0.00 0.00 0.00
0.00 0.00 1.13

0.00 0.00 0.00
0.00 0.00 1.19

0.00 0.00 0.00
0.00 0.00 -0.50

0.00 0.00 0.00
0.00 0.00 0.72

0.00 0.00 0.00
0.47 -0.41 0.03

0.00 0.00 0.00
-0.44 0.47 0.06

6

0.00 8.50 0.00
0.00 -1.54 -0.16

0.00 0.00 0.00
0.00 0.00 0.38

0.00 0.00 0.00
0.00 0.00 0.41


0.00 0.00 0.00
0.00 0.00 -0.44

0.00 0.00 0.00
0.00 0.00 -0.03

0.00 0.00 0.00
0.00 0.00 -0.09

0.00 0.00 0.00
0.00 0.00 -0.44

0.00 0.00 0.00
0.00 0.00 0.28

0.00 0.00 0.00
0.00 0.00 -0.63

0.00 0.00 0.00
0.00 0.00 -0.53

0.00 0.00 0.00
0.00 0.00 0.91

0.00 0.00 0.00
0.00 0.00 -0.75

0.00 0.00 0.00
0.00 0.00 0.00

0.00 0.00 0.00
0.00 0.00 0.63

0.00 0.00 0.00
0.00 0.00 1.38

0.00 0.00 0.00
0.00 0.00 -1.04

0.00 0.00 0.00
0.00 0.00 1.13

0.00 0.00 0.00
0.00 0.00 1.19

0.00 0.00 0.00
0.00 0.00 -0.50

0.00 0.00 0.00
0.00 0.00 0.72

0.00 0.00 0.00
0.66 -0.85 -0.35

0.00 0.00 0.00
-0.66 0.88 -0.35

6

0.00 13.90 0.00
0.00 -1.54 0.16

0.00 0.00 0.00
0.00 0.00 -0.06

0.00 0.00 0.00
0.00 0.00 0.50

0.00 0.00 0.00
0.00 0.00 -0.44

0.00 0.00 0.00
0.00 0.00 -0.06

0.00 0.00 0.00
0.00 0.00 -0.60

0.00 0.00 0.00
0.00 0.00 -0.75

0.00 0.00 0.00
0.00 0.00 -0.69

0.00 0.00 0.00
0.00 0.00 -0.63

0.00 0.00 0.00
0.00 0.00 -0.53

0.00 0.00 0.00
0.00 0.00 0.91

0.00 0.00 0.00
0.00 0.00 -0.75

0.00 0.00 0.00
0.00 0.00 0.00

0.00 0.00 0.00
0.00 0.00 0.63

0.00 0.00 0.00
0.00 0.00 1.38

0.00 0.00 0.00
0.00 0.00 -1.04

0.00 0.00 0.00
0.00 0.00 1.13

0.00 0.00 0.00
0.00 0.00 1.19

0.00 0.00 0.00
0.00 0.00 -0.50

0.00 0.00 0.00
0.00 0.00 0.72

0.00 0.00 0.00
0.85 -1.51 -0.91

0.00 0.00 0.00
-0.79 1.57 -0.91

6

0.00 8.50 0.00
0.00 -1.54 0.47

0.00 0.00 0.00
0.00 0.00 -0.41

0.00 0.00 0.00
0.00 0.00 0.66

0.00 0.00 0.00
0.00 0.00 -0.44

0.00 0.00 0.00
0.00 0.00 -0.09

0.00 0.00 0.00
0.00 0.00 -0.79

0.00 0.00 0.00
0.00 0.00 0.09

0.00 0.00 0.00
0.00 0.00 -0.35

0.00 0.00 0.00
0.00 0.00 -0.63

0.00 0.00 0.00
0.00 0.00 -0.53

0.00 0.00 0.00
0.00 0.00 0.91

0.00 0.00 0.00
0.00 0.00 -0.75

0.00 0.00 0.00
0.00 0.00 0.00

0.00 0.00 0.00
0.00 0.00 0.63

0.00 0.00 0.00
0.00 0.00 1.38

0.00 0.00 0.00
0.00 0.00 -1.04

0.00 0.00 0.00
0.00 0.00 1.13

0.00 0.00 0.00
0.00 0.00 1.19

0.00 0.00 0.00
0.00 0.00 -0.50

0.00 0.00 0.00
0.00 0.00 0.72

0.00 0.00 0.00
0.66 -0.85 -0.35

0.00 0.00 0.00
-0.66 0.88 -0.35

6

0.00 3.90 0.00
0.00 -1.54 0.60

0.00 0.00 0.00
0.00 0.00 -0.44

0.00 0.00 0.00
0.00 0.00 0.50

0.00 0.00 0.00
0.00 0.00 -0.44

0.00 0.00 0.00
0.00 0.00 -0.00

0.00 0.00 0.00
0.00 0.00 -0.31

0.00 0.00 0.00
0.00 0.00 0.16

0.00 0.00 0.00
0.00 0.00 -0.28

0.00 0.00 0.00
0.00 0.00 -0.63

0.00 0.00 0.00
0.00 0.00 -0.53

0.00 0.00 0.00
0.00 0.00 0.91

0.00 0.00 0.00
0.00 0.00 -0.75

0.00 0.00 0.00
0.00 0.00 0.00

0.00 0.00 0.00
0.00 0.00 0.63

0.00 0.00 0.00
0.00 0.00 1.38

0.00 0.00 0.00
0.00 0.00 -1.04

0.00 0.00 0.00
0.00 0.00 1.13

0.00 0.00 0.00
0.00 0.00 1.19

0.00 0.00 0.00
0.00 0.00 -0.50

0.00 0.00 0.00
0.00 0.00 0.72

0.00 0.00 0.00
0.66 -0.44 -0.13

0.00 0.00 0.00
-0.66 0.47 -0.09

0

7

9

0.00 0.00 0.00
0.00 -1.54 -0.91

0.00 0.00 0.00
0.00 0.00 0.03

0.00 0.00 0.00
0.00 0.00 0.75

0.00 0.00 0.00
0.00 0.00 0.60

0.00 0.00 0.00
0.00 0.00 -0.47

0.00 0.00 0.00
0.00 0.00 0.50

0.00 0.00 0.00
0.00 0.00 0.28

0.00 0.00 0.00
0.00 0.00 0.25

0.00 0.00 0.00
0.00 0.00 1.04

0.00 0.00 0.00
0.00 0.00 -1.13

0.00 0.00 0.00
0.00 0.00 -0.72

0.00 0.00 0.00
0.00 0.00 1.54

0.00 0.00 0.00
0.00 0.00 -1.35

0.00 0.00 0.00
0.00 0.00 -1.04

0.00 0.00 0.00
0.00 0.00 0.91

0.00 0.00 0.00
0.00 0.00 -0.28

0.00 0.00 0.00
0.00 0.00 0.91

0.00 0.00 0.00
0.00 0.00 0.85

0.00 0.00 0.00
0.00 0.00 -0.19

0.00 0.00 0.00
0.00 0.00 0.85

0.00 0.00 0.00
0.31 -1.07 0.00

0.00 0.00 0.00
-0.31 0.85 0.00

4

0.00 0.00 0.00
0.00 -1.54 -1.13

0.00 0.00 0.00
0.00 0.00 -0.09

0.00 0.00 0.00
0.00 0.00 0.28

0.00 0.00 0.00
0.00 0.00 0.82

0.00 0.00 0.00
0.00 0.00 0.44

0.00 0.00 0.00
0.00 0.00 0.53

0.00 0.00 0.00
0.00 0.00 -0.25

0.00 0.00 0.00
0.00 0.00 0.66

0.00 0.00 0.00
0.00 0.00 1.04

0.00 0.00 0.00
0.00 0.00 -1.13

0.00 0.00 0.00
0.00 0.00 -0.72

0.00 0.00 0.00
0.00 0.00 1.54

0.00 0.00 0.00
0.00 0.00 -1.35

0.00 0.00 0.00
0.00 0.00 -1.04

0.00 0.00 0.00
-0.25 0.00 1.23

0.00 0.00 0.00
0.00 0.00 -0.28

0.00 0.00 0.00
0.00 0.00 0.91

0.00 0.00 0.00
0.22 0.00 1.10

0.00 0.00 0.00
0.00 0.00 -0.19

0.00 0.00 0.00
0.00 0.00 0.85

0.00 0.00 0.00
1.41 -1.73 0.00

0.00 0.00 0.00
-1.45 1.51 0.19

5

0.00 0.00 0.00
0.00 -1.54 -1.13

0.00 0.00 0.00
0.00 0.00 -0.16

0.00 0.00 0.00
0.00 0.00 0.16

0.00 0.00 0.00
0.00 0.00 0.85

0.00 0.00 0.00
0.00 0.00 -0.06

0.00 0.00 0.00
0.00 0.00 0.35

0.00 0.00 0.00
0.00 0.00 -0.72

0.00 0.00 0.00
0.00 0.00 -0.60

0.00 0.00 0.00
0.00 0.00 1.04

0.00 0.00 0.00
0.00 0.00 -1.13

0.00 0.00 0.00
0.00 0.00 -0.72

0.00 0.00 0.00
0.00 0.00 1.54

0.00 0.00 0.00
0.00 0.00 -1.35

0.00 0.00 0.00
0.00 0.00 -1.04

0.00 0.00 0.00
-0.50 -0.09 1.29

0.00 0.00 0.00
0.00 0.00 -0.28

0.00 0.00 0.00
0.00 0.00 0.91

0.00 0.00 0.00
0.28 0.25 1.45

0.00 0.00 0.00
0.00 0.00 -0.19

0.00 0.00 0.00
0.00 0.00 0.85

0.00 0.00 0.00
0.91 -1.38 0.00

0.00 0.00 0.00
-1.04 1.01 0.35

23

0.00 0.00 0.00
0.00 -1.54 -1.29

0.00 0.00 0.00
0.00 0.00 -0.19

0.00 0.00 0.00
0.00 0.00 0.25

0.00 0.00 0.00
0.00 0.00 0.63

0.00 0.00 0.00
0.00 0.00 -0.44

0.00 0.00 0.00
0.00 0.00 0.35

0.00 0.00 0.00
0.00 0.00 -0.72

0.00 0.00 0.00
0.00 0.00 -0.60

0.00 0.00 0.00
0.00 0.00 1.04

0.00 0.00 0.00
0.00 0.00 -1.13

0.00 0.00 0.00
0.00 0.00 -0.72

0.00 0.00 0.00
0.00 0.00 1.54

0.00 0.00 0.00
0.00 0.00 -1.35

0.00 0.00 0.00
0.00 0.00 -1.04

0.00 0.00 0.00
-0.63 -0.28 1.88

0.00 0.00 0.00
0.00 0.00 -0.28

0.00 0.00 0.00
0.00 0.00 0.91

0.00 0.00 0.00
0.19 0.38 1.79

0.00 0.00 0.00
0.00 0.00 -0.19

0.00 0.00 0.00
0.00 0.00 0.85

0.00 0.00 0.00
0.31 -0.53 0.00

0.00 0.00 0.00
-0.31 0.53 0.00

22

0.00 0.00 0.00
0.00 -1.54 -0.41

0.00 0.00 0.00
0.00 0.16 -0.09

0.00 0.00 0.00
0.00 0.25 0.97

0.00 0.00 0.00
0.19 0.57 1.38

0.00 0.00 0.00
0.00 0.00 -1.63

0.00 0.00 0.00
0.00 0.31 0.38

0.00 0.00 0.00
0.00 0.28 -0.60

0.00 0.00 0.00
0.00 0.44 -0.31

0.00 0.00 0.00
0.66 -0.44 1.04

0.00 0.00 0.00
0.00 0.00 -1.13

0.00 0.00 0.00
0.00 0.00 -0.72

0.00 0.00 0.00
-0.53 -0.16 1.57

0.00 0.00 0.00
0.00 0.00 -0.57

0.00 0.00 0.00
0.00 0.00 -1.04

0.00 0.00 0.00
-0.69 0.00 0.91

0.00 0.00 0.00
0.00 0.03 0.09

0.00 0.00 0.00
0.00 0.00 1.19

0.00 0.00 0.00
0.47 0.03 0.85

0.00 0.00 0.00
0.00 0.00 0.31

0.00 0.00 0.00
0.00 0.00 0.85

0.00 0.00 0.00
0.31 -1.07 0.00

0.00 0.00 0.00
-0.31 0.85 0.00

32

0.00 0.00 0.00
0.00 -1.60 -0.41

0.00 0.00 0.00
0.00 0.00 -0.06

0.00 0.00 0.00
0.00 0.22 0.97

0.00 0.00 0.00
0.00 0.00 1.23

0.00 0.00 0.00
0.00 0.03 -1.45

0.00 0.00 0.00
0.00 0.00 0.06

0.00 0.00 0.00
0.00 -0.31 0.13


0.00 0.00 0.00
0.00 0.57 0.00

0.00 0.00 0.00
0.66 -0.44 0.44

0.00 0.00 0.00
0.00 0.00 -0.13

0.00 0.00 0.00
0.00 0.00 -0.75

0.00 0.00 0.00
-1.10 -0.13 0.53

0.00 0.00 0.00
0.00 0.00 0.22

0.00 0.00 0.00
0.00 0.00 -1.04

0.00 0.00 0.00
-0.69 0.00 0.72

0.00 0.00 0.00
0.00 0.03 0.16

0.00 0.00 0.00
0.00 0.00 1.19

0.00 0.00 0.00
0.47 0.03 1.13

0.00 0.00 0.00
0.00 0.03 -0.09

0.00 0.00 0.00
0.00 0.00 0.94

0.00 0.00 0.00
0.31 -1.19 -0.22

0.00 0.00 0.00
-0.31 1.04 -0.22

23

0.00 0.00 0.00
0.00 -2.01 -0.41

0.00 0.00 0.00
0.00 0.09 -0.06

0.00 0.00 0.00
0.00 -0.19 0.97

0.00 0.00 0.00
0.00 -0.47 1.41

0.00 0.00 0.00
0.00 0.03 -1.26

0.00 0.00 0.00
0.00 0.00 0.35

0.00 0.00 0.00
0.00 -0.38 -0.22

0.00 0.00 0.00
0.00 -0.63 -0.41

0.00 0.00 0.00
0.66 -0.44 0.44

0.00 0.00 0.00
0.00 0.00 -0.13

0.00 0.00 0.00
0.00 0.00 -0.75

0.00 0.00 0.00
-1.10 -0.13 0.53

0.00 0.00 0.00
0.00 0.00 0.22

0.00 0.00 0.00
0.00 0.00 -1.04

0.00 0.00 0.00
-0.69 0.00 0.57

0.00 0.00 0.00
0.00 0.03 0.28

0.00 0.00 0.00
0.00 0.00 1.29

0.00 0.00 0.00
0.47 0.03 1.48

0.00 0.00 0.00
0.00 0.03 -0.31

0.00 0.00 0.00
0.00 0.00 0.94

0.00 0.00 0.00
0.28 -1.01 -0.75

0.00 0.00 0.00
-0.31 0.66 -0.69
