4 6 4
1 0 1
1.000000 1.000000 1.000000 0.500000
0.000000 0.000000 0.000000 -0.020000
120 120
-2.790002
12
21 21
1
2.00
5
0.000000
3
0.080000
0
0
2
1

1 0 1
-1 0 -1
0.200000 0.200000 0.200000 0.500000
0.000000 0.000000 0.000000 -0.010000
8 12
0.400001
1
63 63
1
0.30
5
-0.050000
3
0.010000
0
0
3
0

1 1 0
0 1 0
0.400000 0.050000 0.500000 1.000000
-0.010000 0.000000 0.030000 -0.010000
8 10
-0.080000
2
20 30
1
0.10
15
0.000000
3
0.030000
0
0
3
1

8 0 0
0 0 0
1.000000 1.000000 1.000000 0.900000
0.000000 0.000000 0.000000 -0.050000
4 6
5.000000
1
12 15
1
0.52
2
0.000000
3
0.020000
0
0
4
0

2 1 2
-2 0 -2
0.700000 0.450000 0.200000 0.300001
0.000000 0.000000 0.000000 -0.010000
8 8
0.300000
1
23 23
1
0.37
3
-0.010000
3
0.020000
0
0
0
1

2 3 2
1 -3 1
0.600000 0.600000 0.600000 1.000000
0.000000 0.000000 0.000000 -0.050000
6 8
0.200000
10
19 21
1
0.10
5
0.000000
3
0.010000
0
0
2
1

2 3 2
1 -3 1
0.600000 0.600000 0.600000 1.000000
0.000000 0.000000 0.000000 -0.050000
8 10
0.200000
10
19 21
1
0.10
5
0.000000
3
0.010000
0
0
2
1

1 1 0
0 1 0
0.400000 0.050000 0.500000 1.000000
-0.010000 0.000000 0.030000 -0.010000
5 5
-0.080000
2
20 30
1
0.10
15
0.000000
3
0.030000
0
0
3
1

2 1 2
-2 0 -2
0.700000 0.450000 0.200000 0.300001
0.000000 0.000000 0.000000 -0.010000
4 4
0.300000
1
23 23
1
0.37
3
-0.010000
3
0.020000
0
0
0
1

1 0 1
-1 0 -1
1.000000 1.000000 1.000000 1.000000
0.000000 0.000000 0.000000 -0.010000
20 50
0.400001
10
63 63
1
0.30
5
-0.050000
3
0.010000
0
0
3
0

0 0 0
0 0 1
0.000000 1.000000 1.000000 1.000000
0.000000 0.000000 0.000000 0.000000
0 0
0.000000
0
0 0
1
0.00
1
0.000000
0
0.000000
0
0
0
0

0 0 0
0 0 1
0.000000 1.000000 1.000000 1.000000
0.000000 0.000000 0.000000 0.000000
0 0
0.000000
0
0 0
1
0.00
1
0.000000
0
0.000000
0
0
0
0

0 0 0
0 0 1
0.000000 1.000000 1.000000 1.000000
0.000000 0.000000 0.000000 0.000000
0 0
0.000000
0
0 0
1
0.00
1
0.000000
0
0.000000
0
0
0
0

0 0 0
0 0 1
0.000000 1.000000 1.000000 1.000000
0.000000 0.000000 0.000000 0.000000
0 0
0.000000
0
0 0
1
0.00
1
0.000000
0
0.000000
0
0
0
0

0 0 0
0 0 1
0.000000 1.000000 1.000000 1.000000
0.000000 0.000000 0.000000 0.000000
0 0
0.000000
0
0 0
1
0.00
1
0.000000
0
0.000000
0
0
0
0

0 0 0
0 0 1
0.000000 1.000000 1.000000 1.000000
0.000000 0.000000 0.000000 0.000000
0 0
0.000000
0
0 0
1
0.00
1
0.000000
0
0.000000
0
0
0
0

0 0 0
0 0 1
0.000000 1.000000 1.000000 1.000000
0.000000 0.000000 0.000000 0.000000
0 0
0.000000
0
0 0
1
0.00
1
0.000000
0
0.000000
0
0
0
0

0 0 0
0 0 1
0.000000 1.000000 1.000000 1.000000
0.000000 0.000000 0.000000 0.000000
0 0
0.000000
0
0 0
1
0.00
1
0.000000
0
0.000000
0
0
0
0

0 0 0
0 0 1
0.000000 1.000000 1.000000 1.000000
0.000000 0.000000 0.000000 0.000000
0 0
0.000000
0
0 0
1
0.00
1
0.000000
0
0.000000
0
0
0
0

0 0 0
0 0 1
0.000000 1.000000 1.000000 1.000000
0.000000 0.000000 0.000000 0.000000
0 0
0.000000
0
0 0
1
0.00
1
0.000000
0
0.000000
0
0
0
0

0 0 0
0 0 1
0.000000 1.000000 1.000000 1.000000
0.000000 0.000000 0.000000 0.000000
0 0
0.000000
0
0 0
1
0.00
1
0.000000
0
0.000000
0
0
0
0

0 0 0
0 0 1
0.000000 1.000000 1.000000 1.000000
0.000000 0.000000 0.000000 0.000000
0 0
0.000000
0
0 0
1
0.00
1
0.000000
0
0.000000
0
0
0
0

0 0 0
0 0 1
0.000000 1.000000 1.000000 1.000000
0.000000 0.000000 0.000000 0.000000
0 0
0.000000
0
0 0
1
0.00
1
0.000000
0
0.000000
0
0
0
0

0 0 0
0 0 1
0.000000 1.000000 1.000000 1.000000
0.000000 0.000000 0.000000 0.000000
0 0
0.000000
0
0 0
1
0.00
1
0.000000
0
0.000000
0
0
0
0

0 0 0
0 0 1
0.000000 1.000000 1.000000 1.000000
0.000000 0.000000 0.000000 0.000000
0 0
0.000000
0
0 0
1
0.00
1
0.000000
0
0.000000
0
0
0
0

0 0 0
0 0 1
0.000000 1.000000 1.000000 1.000000
0.000000 0.000000 0.000000 0.000000
0 0
0.000000
0
0 0
1
0.00
1
0.000000
0
0.000000
0
0
0
0

0 0 0
0 0 1
0.000000 1.000000 1.000000 1.000000
0.000000 0.000000 0.000000 0.000000
0 0
0.000000
0
0 0
1
0.00
1
0.000000
0
0.000000
0
0
0
0

0 0 0
0 0 1
0.000000 1.000000 1.000000 1.000000
0.000000 0.000000 0.000000 0.000000
0 0
0.000000
0
0 0
1
0.00
1
0.000000
0
0.000000
0
0
0
0

0 0 0
0 0 1
0.000000 1.000000 1.000000 1.000000
0.000000 0.000000 0.000000 0.000000
0 0
0.000000
0
0 0
1
0.00
1
0.000000
0
0.000000
0
0
0
0

0 0 0
0 0 1
0.000000 1.000000 1.000000 1.000000
0.000000 0.000000 0.000000 0.000000
0 0
0.000000
0
0 0
1
0.00
1
0.000000
0
0.000000
0
0
0
0

0 0 0
0 0 1
0.000000 1.000000 1.000000 1.000000
0.000000 0.000000 0.000000 0.000000
0 0
0.000000
0
0 0
1
0.00
1
0.000000
0
0.000000
0
0
0
0

0 0 0
0 0 1
0.000000 1.000000 1.000000 1.000000
0.000000 0.000000 0.000000 0.000000
0 0
0.000000
0
0 0
1
0.00
1
0.000000
0
0.000000
0
0
0
0

